3.3197200280132626 2.8535847376159693
-2.176079626814772 -3.0559782960257134
3.6867475627300186 2.0466681800045814
-4.3194514611025765 -3.0962084439426105
-3.461993112869059 -1.9784058791071555
2.8540686032617586 1.3280294362907652
-4.179595730294465 -0.5314986562534363
2.3266879764664816 0.6497613398438092
2.757568888299472 1.5743334879264554
2.8160514684306475 1.3218534920151437
-3.225046460453833 -2.828104513616056
3.8064436504967016 3.000456597902232
3.022977306400957 2.6485819593809703
-3.7234258271773815 -2.431822140730634
2.844762143664296 2.149630262052113
4.510856724642037 3.407162300190521
-3.399384684455807 -2.082643895967357
-2.4944420052376257 -3.077806599324771
4.235845308728332 2.5352501011844515
-2.1456533184602447 -0.4091134089331475
-4.010298801480501 -2.1412528484387474
1.9591958369729126 3.2494813396851936
4.701092455118087 0.6349766275773729
2.189909076083724 2.266099815422728
4.135901665065775 3.344179473760906
-4.14630811657928 -1.0405968480995866
-2.251541846137267 -0.7687383498520965
-4.33993695881969 -2.4745657446937495
-2.315892615257054 -1.3339236600263917
-3.9728090626119137 -1.8231324257082193
4.70637162419946 2.7433896003874887
-4.7982008314771205 -2.3283578330406858
3.832298107646542 2.387987481246871
2.4418635498230468 0.673655051204954
-2.0821598622514443 -2.1403781509863036
-2.6698292778330686 -2.8306954276308507
-4.403444961684764 -0.8691752702091625
-2.341182550358094 -0.6598657916327135
-1.8952394828484163 -3.0490761811933695
4.881101883692146 1.4203108886100204
4.840459241889435 1.6837012852280822
-3.503325088774937 -0.9951833885469373
2.897404998947464 2.0717137303345394
3.831810588184838 3.1643345253903505
3.444128681738547 2.739463819626149
4.296241948916072 1.6728518947979794
-4.17858339138552 -1.6992382830879331
3.7060026372155774 2.3276684346998406
2.907982081716053 1.9159601162815225
3.5601248944813704 2.3736185974741453
2.5520263176641387 2.050443422514411
2.2051254576894825 2.8556037052543704
-3.015260766064271 -3.042445342264161
-2.6750702273029647 -1.9785262413168996
-2.490382723692436 -1.43114296780084
4.203427116217629 2.666145252540729
3.810497378718932 1.82403460031985
2.6279493305088066 3.260261696976727
2.1658511895163963 1.6302845776333514
-2.6763678753241287 -1.8478491449689323
-4.255136747666114 -1.602186945500207
3.9300219132801435 3.539011209740709
3.4366552198178235 2.6040369654888167
1.9150270387804618 3.2406676200604374
-4.254867107168786 -1.2847802364885526
-4.074302812079565 -2.210308538992172
2.5032761136309403 0.8564930257698835
1.9403289663736156 1.491268316255627
2.3275331895324207 2.3809997336402495
4.8750569284384255 2.761334894932554
2.608380550840801 3.321633738539981
-2.7084124888374657 -2.9296688787812983
3.700024697298561 2.8244864099599134
4.321572436379576 3.015026745397154
-2.40663210694727 -3.132753682620028
-3.5937586511552926 -2.590002861524832
-4.457545699697359 -1.9157191132099416
-3.309499218255032 -0.9644946453373238
2.7256146404965986 0.691845312006573
2.440493997448145 0.9164858365663014
1.9118019621025002 1.6352412129117162
-3.313197373749548 -2.6501469342514947
-3.270222313804079 -0.8043386491519331
-2.1866281103916356 -2.6220337523432886
4.092342742714716 3.006645646451463
4.4167167132133835 3.109649350683218
2.6535296357933174 2.605443245116089
3.964953673196225 1.7737811205674434
-2.192824700040427 -0.6129328445864943
3.4267018773960913 2.114688526832682
2.5813602280466506 1.5473648921897365
-3.159961600950894 -1.434617298706227
-4.3203953221678315 -1.9771457877664727
-4.350877023316656 -0.7683500105835662
-3.5166965670838257 -1.574426149203756
4.506565187602406 2.710632353010465
3.8378793669415994 2.588786908026301
4.566870177554457 3.002816851380377
-2.386536409797384 -1.0785022464433895
-4.01683037028649 -2.943701656067793
